[base]
albedo = 0.95, 0.7, 0.2
roughness = 0.43333333333333335
metallic = 0.041666666666666664
