[base]
albedo = 0.95, 0.7, 0.2
roughness = 0.16666666666666666
metallic = 0.4583333333333333
