[base]
albedo = 0.95, 0.7, 0.2
roughness = 0.7666666666666667
metallic = 0.5416666666666666
