[base]
albedo = 0.95, 0.7, 0.2
roughness = 0.6333333333333333
metallic = 0.5416666666666666
