[base]
albedo = 0.95, 0.7, 0.2
roughness = 0.16666666666666666
metallic = 0.9583333333333334
