[base]
albedo = 0.95, 0.7, 0.2
roughness = 0.36666666666666664
metallic = 0.7916666666666666
