[base]
albedo = 0.95, 0.7, 0.2
roughness = 0.8333333333333334
metallic = 0.2916666666666667
