[base]
albedo = 0.95, 0.7, 0.2
roughness = 0.9666666666666667
metallic = 0.7083333333333334
