[base]
albedo = 0.95, 0.7, 0.2
roughness = 0.233333
metallic = 0.708333
