[base]
albedo = 0.95, 0.7, 0.2
roughness = 0.900000
metallic = 0.625000
