[base]
albedo = 0.95, 0.7, 0.2
roughness = 0.566667
metallic = 0.541667
