[base]
albedo = 0.95, 0.7, 0.2
roughness = 0.100000
metallic = 0.208333
