[base]
albedo = 0.95, 0.7, 0.2
roughness = 0.766667
metallic = 0.375000
