[base]
albedo = 0.95, 0.7, 0.2
roughness = 0.033333
metalness = 0.625000
