[base]
albedo = 0.95, 0.7, 0.2
roughness = 0.966667
metalness = 0.791667
