[base]
albedo = 0.95, 0.7, 0.2
roughness = 0.366667
metallic = 0.541667
