[base]
albedo = 0.95, 0.7, 0.2
roughness = 0.566667
metalness = 0.125000
