[base]
albedo = 0.8, 0.1, 0.1
roughness = 0.100000
metalness = 0.875000
