[base]
albedo = 0.95, 0.7, 0.2
roughness = 0.900000
metalness = 0.125000
