[base]
albedo = 0.8, 0.1, 0.1
roughness = 0.433333
metalness = 0.125000
