[base]
albedo = 0.95, 0.7, 0.2
roughness = 0.166667
metallic = 0.708333
