[base]
albedo = 0.8, 0.1, 0.1
roughness = 0.166667
metalness = 0.458333
