[base]
albedo = 0.95, 0.7, 0.2
roughness = 0.500000
metalness = 0.708333
